-30.400 0.200
-29.900 0.200
-29.400 0.200
-28.900 0.200
-28.400 0.200
-27.900 0.200
-27.400 0.200
-26.900 0.200
-26.400 0.200
-25.900 0.200
-25.400 0.200
-24.900 0.200
-24.400 0.200
-23.900 0.200
-23.400 0.200
-22.900 0.200
-22.400 0.200
-21.900 0.200
-21.400 0.200
-20.900 0.200
-20.400 0.200
-19.900 0.200
-19.400 0.200
-18.900 0.200
-18.400 0.200
-17.900 0.200
-17.400 0.200
-16.900 0.200
-16.400 0.200
-15.900 0.200
-15.400 0.200
-14.900 0.200
-14.400 0.200
-13.900 0.200
-13.400 0.200
-12.900 0.200
-12.400 0.200
-11.900 0.200
-11.400 0.200
-10.900 0.200
-10.400 0.200
-9.900 0.200
-9.400 0.200
-8.900 0.200
-8.400 0.200
-7.900 0.200
-7.400 0.200
-6.900 0.200
-6.400 0.200
-5.900 0.200
-5.400 0.200
-4.900 0.200
-4.400 0.200
-3.900 0.200
-3.400 0.200
-2.900 0.200
-2.400 0.200
-1.900 0.200
-1.400 0.200
-0.900 0.200
1.100 0.200
1.600 0.200
2.100 0.200
2.600 0.200
3.100 0.200
4.600 0.200
5.100 0.200
5.600 0.200
6.100 0.200
6.600 0.200
7.100 0.200
7.600 0.200
8.100 0.200
8.600 0.200
9.100 0.200
9.600 0.200
10.100 0.200
10.600 0.200
11.100 0.200
11.600 0.200
12.100 0.200
6.100 -0.300
6.600 -0.300
7.100 -0.300
7.600 -0.300
8.100 -0.300
8.600 -0.300
6.100 -0.800
6.600 -0.800
7.100 -0.800
7.600 -0.800
8.100 -0.800
-31.400 -1.300
6.100 -1.300
6.600 -1.300
7.100 -1.300
7.600 -1.300
8.100 -1.300
6.100 -1.800
6.600 -1.800
7.100 -1.800
7.600 -1.800
-31.900 -2.300
6.100 -2.300
6.600 -2.300
7.100 -2.300
6.100 -2.800
6.600 -2.800
7.100 -2.800
-31.400 -3.300
6.100 -3.300
6.600 -3.300
7.100 -3.300
6.100 -3.800
6.600 -3.800
7.100 -3.800
7.600 -3.800
-30.900 -4.300
6.100 -4.300
6.600 -4.300
7.100 -4.300
7.600 -4.300
-30.400 -4.800
-29.900 -4.800
-29.400 -4.800
-28.900 -4.800
-28.400 -4.800
-27.900 -4.800
-27.400 -4.800
-26.900 -4.800
-26.400 -4.800
-25.900 -4.800
-25.400 -4.800
-24.900 -4.800
-24.400 -4.800
-23.900 -4.800
-23.400 -4.800
-22.900 -4.800
-22.400 -4.800
-21.900 -4.800
-21.400 -4.800
-20.900 -4.800
-20.400 -4.800
-19.900 -4.800
-19.400 -4.800
-18.900 -4.800
-18.400 -4.800
-17.900 -4.800
-17.400 -4.800
-16.900 -4.800
-16.400 -4.800
-15.900 -4.800
-15.400 -4.800
-14.900 -4.800
-14.400 -4.800
-13.900 -4.800
-13.400 -4.800
-12.900 -4.800
-12.400 -4.800
-11.900 -4.800
-11.400 -4.800
-10.900 -4.800
-10.400 -4.800
-9.900 -4.800
-9.400 -4.800
-8.900 -4.800
-8.400 -4.800
-7.900 -4.800
-7.400 -4.800
-6.900 -4.800
-6.400 -4.800
-5.900 -4.800
-3.900 -4.800
-3.400 -4.800
-2.900 -4.800
-2.400 -4.800
-1.900 -4.800
-1.400 -4.800
-0.900 -4.800
-0.400 -4.800
1.600 -4.800
2.100 -4.800
2.600 -4.800
3.100 -4.800
4.600 -4.800
5.100 -4.800
5.600 -4.800
6.100 -4.800
6.600 -4.800
7.100 -4.800
7.600 -4.800
8.100 -4.800
9.600 -4.800
10.100 -4.800
10.600 -4.800
11.100 -4.800
11.600 -4.800
12.100 -4.800
12.600 -4.800
13.100 -4.800
13.600 -4.800
14.100 -4.800
14.600 -4.800
15.100 -4.800
15.600 -4.800
16.100 -4.800
16.600 -4.800
17.100 -4.800
17.600 -4.800
18.100 -4.800
18.600 -4.800
19.100 -4.800
19.600 -4.800
-3.400 -5.300
-2.900 -5.300
-2.400 -5.300
-1.900 -5.300
-1.400 -5.300
-0.900 -5.300
-0.400 -5.300
0.100 -5.300
6.600 -5.300
8.100 -5.300
8.100 -5.800
